10
99
f 0 0 0
p 1 0 1
p 1 -1 0
p 2 -2 1
p -1 0 1
p 0 -1 1
p 2 0 0
p 2 1 1
p 3 0 1
p 3 -1 0
p 0 1 0
p 4 -2 1
p -1 2 0
p 2 -1 1
p 3 -2 1
p 1 1 0
p -1 -1 1
p 0 -2 1
p -2 0 1
p -2 3 1
p 5 -2 1
p 6 -3 1
p 4 0 0
p -3 3 1
p -4 3 1
p -4 4 1
p 4 1 0
p 6 -4 1
p -3 2 0
p 1 -3 1
p -4 2 0
p 2 -4 0
p 4 -1 0
p -3 0 0
p 1 -2 0
p -4 0 0
p 1 2 1
p 4 -3 1
p 5 -1 0
p -5 3 1
p -5 5 0
p 5 1 1
p 7 -4 0
p -2 2 1
p 7 -5 1
p -6 5 1
p 1 -4 1
p 0 3 0
p -1 4 1
p 7 -6 1
p -2 -1 1
p 1 -5 1
p -3 -1 1
p 0 -5 0
p -5 2 1
p -1 -5 1
p -1 -4 0
p 5 2 1
p 0 -6 0
p 3 1 0
p 6 2 1
p 0 -4 0
p 7 -7 1
p 8 -7 1
p -4 -1 0
p 6 -5 0
p 2 2 0
p -2 5 1
p 8 -6 1
p 2 3 0
p 4 -4 1
p 2 -6 1
p 0 -3 1
p -4 5 0
p 8 -4 1
p -2 -5 0
p -6 6 0
p 6 -6 0
p 7 -3 0
p -2 -6 0
p 1 3 1
p -3 -5 0
p 7 -8 0
p -4 6 1
p -2 -7 0
p -5 7 1
p -3 -6 0
p 6 -2 1
p 5 0 0
p -2 -3 1
p 7 1 0
p 1 -7 0
p -4 -6 0
p -5 -5 1
p 8 -8 1
p 9 -5 1
p 1 -8 1
p 9 -7 1
p -5 -1 1
