124
1000
34 -12 0
-28 25 1
-25 13 1
-3 -25 1
9 8 0
-1 7 1
0 6 1
28 -17 1
26 -12 0
-23 9 0
3 -7 1
21 2 0
34 -1 1
-11 10 0
2 3 0
-10 17 0
13 5 0
-35 23 0
4 -8 0
8 -12 0
-17 -16 0
4 -6 1
3 18 1
-2 9 1
18 -28 0
-4 -9 0
-4 -19 0
4 14 0
-25 38 0
8 -3 0
-22 25 0
28 -30 1
8 1 1
22 -12 1
2 -8 1
19 17 1
-9 2 0
-21 24 1
-16 30 0
-4 -23 0
9 0 0
21 -15 0
11 4 1
-5 3 0
-20 -19 0
4 -18 0
-34 9 1
5 12 0
-7 1 0
12 5 0
11 5 1
-9 17 0
-17 -22 1
5 -29 0
3 -17 1
15 -27 0
-1 2 0
-16 1 1
-14 -18 0
1 -14 1
13 15 1
-13 17 1
5 11 0
25 6 1
41 -14 1
11 -21 0
3 15 1
20 0 0
-16 29 0
27 2 1
3 -6 1
-3 -11 0
-30 20 1
3 -16 1
34 -36 1
-23 -11 0
-30 19 1
21 -20 1
-12 23 0
-12 22 1
32 2 1
-22 9 0
-8 2 1
33 -40 0
31 2 1
-34 23 0
10 -17 0
5 -18 1
34 -40 1
-8 -8 1
-33 9 1
-18 21 1
14 19 1
13 14 1
-7 16 0
7 6 0
23 -17 1
-17 31 1
-31 8 1
21 1 0
-19 31 0
-20 31 1
16 3 0
-18 32 0
6 12 0
-11 13 0
-32 9 1
-22 5 1
9 -6 0
5 3 1
-29 23 0
21 -1 0
-21 -15 0
6 -19 1
18 16 1
-12 16 1
-11 3 1
33 2 1
19 2 0
-4 -18 0
33 -11 0
31 -41 1
-11 -22 0
-20 7 1
-4 -12 0
-23 25 1
-30 10 0
-33 21 1
-25 14 1
3 8 0
34 -37 0
0 -26 1
-5 16 1
-29 22 1
8 5 0
20 1 1
19 -16 0
-26 30 0
-16 19 0
-20 -18 0
25 -4 1
33 -43 0
0 2 0
14 4 0
26 5 0
-2 -9 1
-32 6 0
4 13 0
29 -10 1
-14 -5 1
-12 17 0
2 -5 0
-34 8 1
-33 7 0
-13 -14 0
7 -21 0
-2 -18 0
5 -26 0
8 12 0
21 -12 1
28 -6 0
20 -16 0
10 -23 1
12 -26 0
13 -1 1
3 -21 0
31 1 1
-29 9 0
3 -25 1
-13 -13 0
-7 -8 1
-13 19 0
25 0 0
31 -34 1
1 -13 0
-2 20 1
-21 25 0
7 -11 0
-19 -1 0
23 -18 1
1 -29 1
11 -18 1
41 -15 1
28 -5 0
5 18 1
11 3 0
36 -2 0
17 3 0
13 18 1
11 -12 0
21 -16 1
-11 15 1
-24 16 0
-10 -1 1
-7 -7 1
-3 4 0
23 -16 0
-14 10 1
35 -41 0
36 -42 1
18 -8 0
-11 11 1
-11 12 0
12 -6 1
-20 24 1
-6 -23 1
18 -15 1
10 -24 1
37 -42 0
-1 -30 1
-22 -14 0
-12 -19 1
-13 -18 0
25 1 0
-26 9 1
-23 20 1
-9 -12 1
-21 19 0
-16 28 1
-16 27 0
-15 13 0
5 17 0
15 12 0
-32 5 0
-2 3 1
-32 21 1
-14 -20 0
-14 -19 1
-26 12 0
-8 14 1
-13 -5 1
-12 -6 0
-36 12 1
-11 14 1
21 -30 1
-18 -1 0
15 3 0
5 10 1
5 -17 1
5 14 1
14 21 0
13 -6 1
-6 14 1
-28 7 1
-11 22 1
-7 21 0
-1 -26 1
9 -22 0
-33 4 0
-10 -7 0
-26 15 1
42 -12 0
-15 5 1
-6 15 0
-15 3 1
-4 -11 0
-3 2 1
-2 1 0
5 -25 0
2 18 1
27 -15 0
-28 8 0
-14 12 0
-22 30 1
15 -5 1
-14 6 0
-2 0 1
12 3 0
-17 -2 1
4 -2 1
18 -32 1
19 -25 0
18 19 1
0 -12 1
-3 21 0
-4 22 1
9 -1 0
18 3 0
-12 21 0
-11 20 1
14 -5 0
24 0 1
19 15 0
28 1 0
29 1 1
7 -20 1
10 -7 0
13 2 0
-31 11 0
-11 -21 0
-19 23 1
-27 7 1
-26 6 0
-15 12 0
-2 12 1
-15 4 1
0 -30 1
5 -9 1
6 -10 0
14 -6 1
10 24 1
-31 21 0
20 15 0
4 18 1
-29 24 0
-19 36 0
11 -7 0
9 -18 1
-26 16 0
-1 1 0
7 -12 0
13 -3 0
13 -4 1
26 2 1
-31 6 0
9 -12 0
-4 3 0
-23 -13 0
-23 -12 1
-22 7 0
2 17 1
-6 -16 1
18 17 1
-5 15 1
22 14 1
22 -16 1
-17 4 1
-7 -16 0
-5 -17 0
14 18 1
35 -1 1
-20 5 1
27 -29 0
27 -16 0
-3 -20 0
20 5 0
12 17 0
-20 21 0
11 -20 0
13 6 1
-13 5 0
24 -30 1
28 -10 1
27 -10 0
13 -13 0
-8 9 0
10 -19 1
-14 20 0
-7 0 0
-7 -1 1
17 6 0
-17 -15 0
21 15 0
8 8 0
8 -18 0
13 -22 1
-24 37 0
11 22 1
-2 -17 1
25 7 1
25 8 0
-3 -15 0
-2 -16 1
16 21 1
-25 26 0
8 -1 0
12 -21 1
1 -30 1
27 -28 1
14 13 1
1 19 1
37 -11 1
-19 22 0
-2 -8 1
-12 -20 1
32 -42 1
-11 -23 0
-24 -10 0
-22 -18 1
-3 -10 1
5 -3 0
-1 -27 1
0 -28 0
15 7 1
-23 29 0
-24 20 1
15 -4 0
-9 -7 0
14 -26 0
34 -44 0
27 -12 0
-21 -17 0
27 -13 1
11 -25 0
5 2 1
-3 -24 0
-21 31 0
13 -16 1
-17 2 1
4 -26 0
41 -13 1
-10 -12 1
-4 -15 1
-5 -15 0
4 5 0
-14 -13 1
9 -2 0
17 -27 0
36 -3 0
37 -4 1
-28 26 1
14 16 0
-11 -15 1
-10 -15 0
42 -13 0
40 -16 0
-9 -9 1
-4 -3 0
-4 -4 1
-6 4 1
35 -3 1
10 23 0
-21 7 0
25 -8 1
34 -38 0
34 -39 1
14 20 1
25 2 1
-21 8 1
-25 -10 0
11 -19 0
5 -28 0
1 4 1
-11 -17 0
5 1 0
6 8 1
-27 6 0
5 -23 1
5 -24 0
-24 17 1
24 -5 0
24 -6 1
-24 25 0
16 0 1
12 21 1
2 7 1
12 -27 0
-9 -2 0
-25 21 1
-28 21 0
27 -11 1
2 8 0
-22 32 0
25 5 0
-18 2 1
-34 21 0
-34 20 1
21 -21 1
-4 19 1
-5 -29 0
17 0 0
-13 24 0
29 -7 0
-24 14 0
28 -18 1
2 -7 1
-16 3 1
-36 10 1
20 -22 1
-2 19 0
-3 19 1
-20 -20 0
-12 19 1
-12 20 0
-10 -6 1
-5 -4 0
0 -25 0
8 0 1
-16 -14 0
-10 9 0
-9 9 1
2 16 1
19 -21 1
-22 29 0
-7 9 1
-18 33 0
35 -13 1
16 23 1
10 4 1
9 5 0
10 3 0
-36 11 0
-18 0 1
-18 1 0
-2 -11 1
-1 -11 0
39 -6 0
38 -5 1
25 -13 0
22 -30 1
-15 31 0
18 -21 0
-15 25 1
34 -41 1
16 -27 1
1 0 1
-20 -1 0
19 -22 1
10 15 0
-14 -24 0
10 -12 1
17 22 1
32 1 0
33 0 1
16 -6 0
0 -24 0
-14 13 0
-26 21 1
13 -2 1
-26 8 1
-9 -1 0
-8 -1 1
-1 6 0
18 -27 0
-18 31 0
1 8 1
-32 22 1
-18 -14 1
-29 25 1
-5 -21 1
35 -12 1
-16 -3 1
37 -10 0
37 -9 1
11 24 0
-22 -12 1
-3 -5 1
14 -28 1
7 -16 1
7 12 0
-2 -6 1
16 15 1
17 15 0
26 -14 1
13 10 0
12 10 1
35 -45 1
16 24 0
12 -18 0
-13 -21 0
18 -10 1
0 9 1
5 19 1
8 -16 1
9 -16 0
0 5 1
6 6 0
13 13 1
12 -12 0
40 -7 0
-15 -23 0
-16 -22 1
-12 18 0
16 6 0
-32 3 0
3 -15 1
2 -14 0
-22 34 1
-22 35 0
-26 -10 0
7 7 1
-5 -12 0
8 7 1
21 -19 1
-1 -28 1
-27 9 1
29 2 0
-19 -20 0
-18 -21 1
20 6 1
3 -24 0
-13 -22 0
-13 -23 1
5 -11 0
-17 -4 0
-7 4 1
17 1 1
-12 -16 0
-8 17 1
-8 16 0
-11 18 0
-24 9 0
12 -7 1
-5 17 0
-4 17 1
0 20 1
-1 20 0
4 8 1
5 8 0
-12 5 0
-11 4 1
10 0 0
4 -22 0
-21 5 1
-21 6 0
-27 15 0
8 10 1
5 20 0
5 4 0
-27 24 1
-17 -23 1
-5 -23 0
18 -23 0
19 -23 1
15 21 0
8 9 0
12 18 0
9 -15 0
-18 -4 0
-19 -3 1
25 -9 0
-6 -21 1
5 -20 0
-1 8 1
-11 2 0
2 1 1
-12 14 1
25 -12 0
23 -30 1
-2 -10 1
-2 -31 1
-6 20 1
24 -4 1
9 17 1
-17 25 1
-16 25 0
-6 7 1
-6 8 0
6 -2 1
-23 -17 1
-9 1 1
-10 2 0
8 18 1
9 -14 0
9 -13 1
26 -9 1
-22 -16 1
8 4 0
13 -14 0
-23 5 1
-10 -2 0
-12 -13 0
21 -23 1
13 16 1
-25 25 0
18 1 0
-18 30 0
-4 23 1
-23 33 1
5 -27 0
4 -27 1
23 -29 1
14 -16 0
0 -29 0
-6 23 0
15 16 0
-5 -16 1
19 14 0
-15 -17 0
-16 -17 1
4 2 1
-16 -21 1
-7 -17 1
-37 12 0
-16 31 1
-33 23 0
4 -5 1
25 -1 0
-23 14 1
-23 15 0
-29 17 1
-30 22 1
-12 -15 0
19 18 0
-30 26 0
-12 -7 0
-13 -7 1
8 -20 1
5 -4 0
4 -4 1
22 -13 1
-7 22 0
-25 10 1
23 3 0
24 2 1
-5 2 0
-20 -2 0
21 -13 0
21 -14 1
-33 20 0
20 3 1
20 4 0
38 -12 1
4 12 0
-29 18 1
-1 9 0
-14 14 0
-13 14 1
-8 -15 0
-9 -15 1
26 3 1
25 4 0
-5 -2 1
26 0 0
20 -11 1
-4 -21 1
-15 -14 1
-4 -16 0
11 -2 0
12 -3 1
-22 26 0
-25 16 1
-35 10 1
-26 10 1
-25 9 0
1 -4 0
22 -2 0
-16 2 0
-3 12 1
-12 10 0
-13 10 1
19 -24 0
14 -27 0
-11 -12 1
-12 -12 0
1 17 1
18 15 1
10 -8 0
1 -1 1
21 -31 1
-20 -15 0
9 9 0
-31 2 1
24 -7 1
1 -26 1
-19 35 1
33 -42 0
34 -42 1
3 -20 0
-26 7 0
36 -1 1
6 5 0
6 4 1
25 -6 0
-3 -14 1
9 -11 0
-14 9 1
23 -6 1
-34 14 0
1 3 0
-8 -17 1
-27 31 0
13 20 0
-5 -8 1
-6 -7 0
17 -6 1
-17 19 1
-14 -4 1
-17 5 0
-16 5 1
4 -17 0
-1 -7 0
-5 19 0
-5 22 1
-2 -26 1
1 1 1
-36 24 1
4 7 0
-4 -30 0
-3 -30 1
12 15 1
-4 -22 0
-26 11 0
-14 25 1
16 -31 1
-17 24 1
-33 5 0
-21 21 1
-22 10 0
-28 6 1
3 -19 1
17 -29 0
16 -28 1
1 7 0
10 6 1
9 7 0
-15 -21 1
-25 8 0
8 -21 0
-8 -6 1
36 -11 0
22 -28 1
9 18 0
32 -11 1
18 0 1
-3 10 0
-3 11 1
-26 27 1
12 12 1
-15 24 1
-14 24 0
1 -8 0
0 -8 1
-21 4 1
-17 26 0
-17 27 1
2 2 1
13 -28 1
-17 -14 1
-22 31 1
18 -31 0
18 -30 1
5 -5 1
37 -7 1
4 -10 0
3 -9 1
-24 21 1
31 -33 1
1 -6 0
22 -18 0
10 22 0
5 -1 1
4 -1 0
11 -6 0
-17 20 1
19 -10 1
-25 6 1
-36 9 1
15 0 0
14 1 1
13 -15 0
9 -23 1
41 -16 1
10 16 0
-15 -3 0
17 -31 0
-3 18 0
-3 17 1
-31 22 0
30 1 1
21 -2 0
-18 34 0
14 9 0
15 8 1
-36 13 0
-18 -11 1
6 -23 1
34 2 1
33 -10 0
-13 -17 1
16 -1 0
32 -34 1
33 -35 0
24 -13 1
-18 5 0
-19 5 1
-14 18 0
-15 18 1
-25 20 1
2 -26 1
2 -25 0
-23 34 1
31 0 1
-15 28 0
-7 13 1
11 -17 1
-9 -8 1
26 -15 1
-23 38 1
-22 20 1
11 16 1
-24 -11 1
18 -26 1
18 -25 0
31 -11 0
30 -11 1
6 2 0
7 2 1
1 -11 0
-12 -8 0
-22 -17 0
-11 -7 0
12 13 0
15 23 0
15 22 1
10 9 1
22 3 0
22 2 1
-24 33 1
10 10 1
11 10 0
-14 -14 0
-32 11 0
11 0 1
9 19 1
-26 13 1
-14 5 1
-26 20 0
-27 20 1
12 -5 1
6 0 1
37 -6 1
37 -5 0
-20 19 0
14 -2 0
-6 13 1
7 11 0
-22 21 0
7 -22 1
6 -22 0
39 -12 1
40 -12 0
15 13 1
23 -12 0
-25 18 0
6 -20 1
24 -3 0
21 -10 1
20 -10 0
-14 -23 0
-4 -20 0
36 -12 1
24 -19 1
25 -31 1
26 -31 0
-24 38 0
-25 30 1
-24 30 0
12 19 1
11 12 1
11 11 0
-6 1 1
-6 2 0
11 -23 0
11 -22 1
-17 -13 0
-18 -12 1
-7 19 0
-23 37 0
-1 -9 0
0 -10 1
-8 22 1
17 -7 1
29 -8 1
29 -9 0
-19 19 0
-6 6 0
-6 5 1
1 -10 1
-38 13 0
-19 21 1
13 -29 0
26 -6 0
19 -29 1
20 -30 0
-2 -5 1
4 9 0
-15 6 1
-16 6 0
19 -9 1
17 -5 0
11 -1 1
2 0 1
-14 -15 0
-29 7 0
-30 8 1
-11 -6 0
30 -32 1
29 -31 0
7 -3 0
27 -30 1
26 -30 0
12 -23 0
-22 37 0
40 -11 1
19 -20 0
20 -20 1
15 -30 1
-35 13 0
-35 14 1
23 -11 1
-23 16 1
-1 -31 1
-19 -16 0
-18 -16 1
10 -20 1
-23 36 0
-11 0 0
-6 17 0
-7 18 1
